F <- c(45, 77, 20, 19, 101, 120, 212)
C <- 5/9 * (F - 32)
C
# Output:
# [1]   7.222222  25.000000  -6.666667  -7.222222  38.333333  48.888889 100.000000