F <- c(32, 68, 14, 0, 113, 104, 198)
C <- 5/9 * (F - 32)
C
# Output:
# [1]   0.00000  20.00000 -10.00000 -17.77778  45.00000  40.00000  92.22222